0 0.933458 0.773040 0.131473 0.448587
0 0.871606 0.680253 0.255177 0.634160
1 0.449473 0.514440 0.044501 0.161627
1 0.773305 0.467667 0.203841 0.255920
0 0.289642 0.550080 0.066981 0.125227
0 0.214742 0.529493 0.083994 0.171253
0 0.384444 0.502133 0.034750 0.091093
0 0.589070 0.516240 0.062955 0.116053
0 0.475765 0.476040 0.027262 0.078853
1 0.505717 0.448853 0.028889 0.102400
0 0.633349 0.506240 0.065700 0.122507
1 0.950262 0.447000 0.097866 0.188453
2 0.470580 0.435267 0.029259 0.143920
7 0.141993 0.581480 0.133567 0.097520
0 0.084300 0.566027 0.108776 0.133653
0 0.013233 0.568653 0.026465 0.108933
7 0.032061 0.565773 0.064122 0.112880
7 0.014670 0.518827 0.029340 0.112693