3 0.656473 0.699267 0.051514 0.540773
3 0.743056 0.682027 0.079122 0.572000
3 0.196204 0.686640 0.057866 0.501227
3 0.460157 0.565267 0.031312 0.262800
3 0.596534 0.531813 0.024018 0.209280
3 0.831063 0.568333 0.047971 0.322640
3 0.951675 0.540680 0.052464 0.339280
3 0.788031 0.534067 0.030491 0.262853
3 0.421985 0.534693 0.016787 0.148373
7 0.413386 0.566147 0.023325 0.095120
3 0.406490 0.528413 0.016924 0.150533
0 0.460250 0.479013 0.020886 0.069493
0 0.396892 0.507213 0.057230 0.163920
1 0.420592 0.496680 0.038913 0.122960