1 0.514006 0.550787 0.074404 0.269573
1 0.970322 0.485693 0.057746 0.509840
0 0.267077 0.600520 0.125233 0.202587
0 0.166389 0.571800 0.153857 0.261680
0 0.432001 0.526400 0.055290 0.129867
0 0.747150 0.562333 0.123430 0.199600
0 0.560451 0.489187 0.033414 0.103493
1 0.601107 0.455493 0.040330 0.128533
0 0.824553 0.541760 0.137738 0.211893
0 0.921212 0.557773 0.155966 0.185413
2 0.554762 0.434373 0.038027 0.181920
7 0.091079 0.642507 0.182158 0.160000
0 0.045278 0.603707 0.090556 0.181920
7 0.013599 0.545947 0.027198 0.131733