0 0.461006 0.540773 0.037633 0.102400
0 0.272073 0.758760 0.239783 0.477147
0 0.207540 0.617533 0.168849 0.268240
7 0.368325 0.600560 0.048470 0.135947
7 0.409593 0.547267 0.021957 0.088987
0 0.318514 0.555747 0.100733 0.122907
0 0.347065 0.540773 0.076256 0.117493
0 0.377540 0.530773 0.067206 0.084853
0 0.394308 0.525960 0.050306 0.075013
1 0.403152 0.503720 0.053229 0.084773
2 0.787403 0.498667 0.299734 0.997333
0 0.568410 0.578733 0.071924 0.183547
0 0.533724 0.541600 0.043841 0.110987
2 0.518160 0.466173 0.049557 0.205840
0 0.100020 0.562493 0.112424 0.134587
0 0.463611 0.520400 0.027850 0.081333