0 0.068921 0.766173 0.137842 0.462320
1 0.921940 0.531240 0.154509 0.427867
0 0.233889 0.707827 0.194396 0.398693
0 0.331808 0.603427 0.115209 0.233040
0 0.835056 0.509640 0.101433 0.192613
0 0.748587 0.517027 0.092246 0.157040
0 0.706606 0.513027 0.077963 0.139813
0 0.688237 0.511000 0.078486 0.121253
0 0.671731 0.498053 0.076232 0.114187
0 0.570721 0.549573 0.060443 0.159307
0 0.407766 0.533933 0.054952 0.128080
1 0.424871 0.507453 0.046071 0.131227
0 0.605813 0.488613 0.057697 0.084533
2 0.511280 0.452507 0.041594 0.141867