3 0.565451 0.474093 0.012882 0.153840
3 0.233712 0.510840 0.035153 0.319600
3 0.874432 0.682160 0.087222 0.603680
3 0.868776 0.659947 0.134493 0.648107
3 0.788494 0.679747 0.100644 0.608507
3 0.859066 0.667373 0.216264 0.633253
3 0.491594 0.522373 0.032206 0.288107
3 0.527971 0.505413 0.030596 0.300960
3 0.471349 0.493267 0.025225 0.239867
3 0.451035 0.495533 0.025499 0.245147
3 0.516413 0.487027 0.031296 0.200453
3 0.370064 0.500373 0.023349 0.251573
3 0.393680 0.501893 0.019324 0.210347
3 0.414565 0.482360 0.023349 0.235333
3 0.439199 0.504960 0.019058 0.195573
1 0.107733 0.492000 0.215467 0.984000