0 0.496433 0.526013 0.039291 0.123120
0 0.325390 0.551987 0.062601 0.118160
0 0.679666 0.571800 0.153631 0.240933
0 0.607496 0.538093 0.105298 0.146053
0 0.597685 0.524480 0.085982 0.125333
0 0.589762 0.507680 0.073519 0.117813
1 0.561014 0.490453 0.069630 0.110240
0 0.549002 0.495893 0.054283 0.071200
0 0.334324 0.508240 0.041948 0.083253
1 0.442315 0.463347 0.024501 0.075813
0 0.356526 0.502813 0.032907 0.069467
0 0.403704 0.490240 0.021095 0.041227
0 0.309771 0.501520 0.026224 0.060320
0 0.117367 0.509120 0.032560 0.068587