0 0.494175 0.545400 0.042810 0.116187
0 0.258124 0.623933 0.151530 0.267227
1 0.323462 0.521707 0.162544 0.344800
0 0.364497 0.564333 0.105580 0.134747
0 0.434622 0.500840 0.047858 0.077360
1 0.533160 0.491493 0.031393 0.098347
0 0.490201 0.520947 0.027407 0.082800
1 0.385692 0.529107 0.102158 0.152667
0 0.034936 0.575520 0.069871 0.152800
0 0.086071 0.641227 0.172142 0.307200
0 0.200962 0.567573 0.110942 0.186773
3 0.061739 0.531440 0.019324 0.174720
3 0.165483 0.522533 0.015298 0.103680
2 0.271663 0.469693 0.078092 0.161627