0 0.459432 0.542813 0.039026 0.102000
7 0.311626 0.672573 0.080950 0.226640
7 0.395511 0.571907 0.030636 0.117413
0 0.264859 0.595120 0.132101 0.173813
0 0.312432 0.568200 0.096522 0.157840
0 0.358092 0.547893 0.080258 0.106347
0 0.382101 0.539627 0.060177 0.091947
1 0.395294 0.512027 0.061940 0.099893
0 0.630926 0.660560 0.135282 0.320480
0 0.588696 0.605213 0.073510 0.196507
0 0.556638 0.568880 0.060829 0.152213
2 0.531481 0.463733 0.059936 0.257867
0 0.170914 0.557893 0.078994 0.112213
0 0.471373 0.526640 0.029525 0.082987