3 0.614364 0.657960 0.049919 0.456347
3 0.686204 0.644240 0.052069 0.459413
3 0.252267 0.594707 0.040523 0.305733
3 0.520588 0.543373 0.023349 0.203067
3 0.678313 0.564827 0.044549 0.304213
3 0.893752 0.602013 0.061723 0.451600
3 0.858792 0.568787 0.040258 0.354053
3 0.334452 0.570680 0.026296 0.233093
7 0.319932 0.630640 0.038849 0.155680
3 0.310056 0.564627 0.021465 0.238000
3 0.921598 0.564693 0.058237 0.388480
0 0.435572 0.483827 0.029324 0.097947
0 0.355386 0.508000 0.070370 0.192800
1 0.382291 0.500093 0.044791 0.146267