0 0.933233 0.560653 0.102939 0.136880
0 0.881441 0.555320 0.100628 0.130053
0 0.813796 0.554880 0.093341 0.140107
0 0.498873 0.500507 0.027488 0.080853
3 0.977271 0.698133 0.014863 0.571733
3 0.160523 0.467640 0.013688 0.125467
3 0.250902 0.490013 0.014493 0.137147
5 0.424344 0.492080 0.020233 0.129867
3 0.216763 0.468120 0.014219 0.114747
3 0.283277 0.542400 0.029791 0.242560
3 0.308551 0.537000 0.045378 0.232560
3 0.338659 0.546773 0.038913 0.251253
3 0.439078 0.581080 0.039187 0.331387
3 0.478639 0.568773 0.045620 0.292480
3 0.316345 0.581467 0.032206 0.306347
3 0.354151 0.568813 0.035161 0.293787
3 0.383869 0.564533 0.038913 0.259253
3 0.284710 0.553147 0.032738 0.262027