0 0.450097 0.512013 0.017424 0.048400
0 0.038893 0.759667 0.077786 0.480667
0 0.534332 0.592893 0.087923 0.219547
0 0.199062 0.651400 0.150781 0.267440
1 0.118857 0.568933 0.154396 0.244693
0 0.287947 0.586760 0.080580 0.164560
0 0.424992 0.542920 0.038374 0.119280
0 0.319871 0.548533 0.054058 0.113440
0 0.245475 0.550107 0.065636 0.113387
0 0.353446 0.528040 0.031578 0.075600
1 0.277428 0.515720 0.049251 0.112080
0 0.364078 0.518427 0.024710 0.061333
1 0.379489 0.494640 0.019928 0.081867
7 0.415125 0.487960 0.025966 0.101467