0 0.932709 0.557587 0.103986 0.136560
0 0.881389 0.555587 0.099879 0.130000
0 0.813921 0.554440 0.093253 0.140027
0 0.498796 0.500947 0.027399 0.080880
5 0.640427 0.637120 0.128019 0.413813
5 0.785713 0.595267 0.151329 0.432827
5 0.288184 0.562973 0.050217 0.241573
3 0.155137 0.461173 0.016876 0.126667
3 0.158583 0.495640 0.021208 0.176560
3 0.133523 0.486093 0.022005 0.180240
3 0.764066 0.674920 0.061192 0.549147
3 0.780857 0.642693 0.057705 0.509013
3 0.884002 0.661173 0.066296 0.599680
3 0.933881 0.678133 0.101643 0.611733