0 0.508438 0.517200 0.019163 0.053280
0 0.206860 0.693147 0.201868 0.391787
0 0.029996 0.669080 0.059992 0.308987
1 0.130081 0.587027 0.144605 0.276453
0 0.731643 0.725973 0.237568 0.482133
0 0.352919 0.576840 0.070878 0.150213
1 0.259658 0.543040 0.094614 0.178187
0 0.389601 0.549693 0.047287 0.109840
0 0.481280 0.534280 0.033140 0.103387
0 0.327697 0.538280 0.049855 0.094747
0 0.420616 0.522040 0.021715 0.062267
1 0.351655 0.512333 0.039219 0.094960
1 0.435258 0.493293 0.016280 0.071973
7 0.469432 0.483467 0.024082 0.093067