0 0.494340 0.549187 0.042705 0.116453
0 0.105982 0.744200 0.211965 0.506267
0 0.286465 0.611320 0.138164 0.228293
1 0.340386 0.514867 0.147472 0.301360
0 0.373502 0.560947 0.098390 0.124133
0 0.436977 0.497693 0.046127 0.074373
3 0.894513 0.710747 0.088301 0.573173
1 0.531876 0.492653 0.030242 0.094747
0 0.490511 0.514920 0.027319 0.082533
1 0.393144 0.526867 0.095628 0.141787
0 0.053257 0.561893 0.106514 0.144053
0 0.113273 0.618280 0.190572 0.260293
0 0.228784 0.547587 0.095314 0.167600
3 0.097822 0.518587 0.018784 0.160640
3 0.185370 0.510880 0.015700 0.098027
2 0.282484 0.459053 0.072778 0.153733