0 0.458176 0.540800 0.037512 0.102080
0 0.197999 0.767467 0.351312 0.459733
0 0.169871 0.644733 0.186876 0.310533
7 0.357576 0.611880 0.055556 0.149947
7 0.405161 0.556173 0.023575 0.094853
0 0.307021 0.566173 0.107713 0.132293
0 0.338994 0.548080 0.080290 0.125387
0 0.372633 0.536627 0.070258 0.089467
0 0.390326 0.531307 0.052456 0.078667
1 0.400322 0.506827 0.055089 0.088053
2 0.803853 0.498667 0.257834 0.997333
0 0.578349 0.599240 0.081981 0.207120
0 0.556948 0.571453 0.051530 0.142800
0 0.537021 0.552453 0.047182 0.119787
2 0.520064 0.469280 0.051562 0.216587
0 0.065407 0.577533 0.128704 0.149040
0 0.464775 0.525933 0.027746 0.081947