3 0.583829 0.618973 0.052601 0.416773
3 0.640519 0.595800 0.052069 0.418693
3 0.185149 0.596880 0.038913 0.310187
3 0.500270 0.530160 0.020668 0.198987
3 0.601848 0.557573 0.032746 0.299413
3 0.930298 0.632893 0.086151 0.578160
3 0.952242 0.580640 0.055016 0.455093
3 0.245129 0.618853 0.051530 0.348640
7 0.219577 0.711093 0.070475 0.246240
3 0.194420 0.625693 0.034622 0.367547
3 0.838486 0.556867 0.043205 0.397093
0 0.434348 0.493933 0.042528 0.140453
0 0.343422 0.505160 0.080725 0.215173
1 0.375153 0.496093 0.049952 0.159280