0 0.881341 0.667213 0.235709 0.660240
1 0.440266 0.516693 0.046586 0.169173
1 0.778671 0.468413 0.212899 0.268027
0 0.272387 0.557573 0.072150 0.132267
0 0.194457 0.534827 0.089767 0.179840
0 0.373591 0.504147 0.036457 0.094427
0 0.585620 0.519253 0.065443 0.120587
0 0.468506 0.478427 0.027786 0.080640
1 0.498631 0.449773 0.029533 0.104560
0 0.630910 0.506720 0.068502 0.127040
1 0.951502 0.434773 0.095386 0.192320
2 0.463297 0.436520 0.029654 0.147013
7 0.116252 0.588787 0.144050 0.104240
0 0.056824 0.572827 0.113647 0.141653
7 0.017508 0.570800 0.035016 0.115093