3 0.549308 0.467867 0.013961 0.153387
3 0.237077 0.528387 0.027375 0.322000
3 0.657681 0.630587 0.048309 0.504107
3 0.658176 0.574827 0.052601 0.427680
3 0.606236 0.612027 0.090668 0.485120
3 0.599199 0.646027 0.056626 0.527627
3 0.455882 0.491587 0.027915 0.228347
3 0.486381 0.482120 0.027915 0.238693
3 0.454682 0.478040 0.024694 0.205413
3 0.422001 0.488080 0.024420 0.214187
3 0.467291 0.473880 0.013422 0.171707
3 0.359251 0.485053 0.020129 0.215333
3 0.376477 0.486347 0.017979 0.186347
3 0.397609 0.470933 0.017440 0.209120
1 0.107766 0.492000 0.215531 0.984000