3 0.534014 0.464293 0.019332 0.151360
3 0.223386 0.533587 0.034597 0.322640
3 0.742971 0.673760 0.071417 0.620480
3 0.674843 0.686000 0.076916 0.596000
3 0.915056 0.679267 0.139291 0.609467
3 0.945906 0.690093 0.077593 0.587813
3 0.666518 0.509627 0.029106 0.202080
3 0.456703 0.687160 0.055644 0.581840
3 0.485519 0.653200 0.040314 0.456000
3 0.526779 0.630453 0.046795 0.503467
3 0.567903 0.651547 0.040684 0.402240
3 0.598229 0.606320 0.048841 0.440427
3 0.654356 0.630547 0.051449 0.421627
3 0.433667 0.523573 0.028977 0.289600
3 0.489022 0.528147 0.041312 0.270160
3 0.519936 0.513507 0.044654 0.291653
3 0.568357 0.515533 0.045604 0.276347
1 0.107617 0.492000 0.215233 0.984000