1 0.657359 0.569000 0.091465 0.322267
0 0.385270 0.612853 0.130185 0.218293
0 0.289867 0.578187 0.146755 0.266560
0 0.553390 0.532213 0.056570 0.141973
0 0.935181 0.600680 0.128027 0.260987
0 0.698740 0.495373 0.040684 0.114960
1 0.742267 0.460613 0.049863 0.143947
0 0.983434 0.549240 0.031522 0.223120
2 0.691047 0.432587 0.046763 0.201867
7 0.199525 0.643307 0.212222 0.159093
0 0.142246 0.611173 0.162850 0.190827
0 0.054952 0.606933 0.109903 0.155947
7 0.075443 0.612440 0.114831 0.155707
7 0.156079 0.540493 0.051675 0.123547