3 0.539771 0.465400 0.016014 0.152880
3 0.239533 0.531693 0.031272 0.323387
3 0.891167 0.736627 0.170242 0.494747
3 0.920044 0.724920 0.129316 0.518160
3 0.480721 0.480467 0.019010 0.166693
3 0.548039 0.560747 0.037303 0.367627
3 0.539956 0.526213 0.048527 0.319627
3 0.497061 0.562133 0.036618 0.363147
3 0.490572 0.559067 0.037649 0.375467
3 0.435845 0.473147 0.025089 0.190613
3 0.454018 0.468667 0.021159 0.200053
3 0.426735 0.470493 0.020008 0.179600
3 0.403180 0.478787 0.020242 0.190320
3 0.336019 0.475627 0.020636 0.189920
3 0.361397 0.480213 0.017432 0.166827
3 0.385113 0.468520 0.018583 0.188400
1 0.107798 0.492000 0.215596 0.984000