3 0.551055 0.465747 0.018116 0.150907
3 0.223261 0.524080 0.028728 0.323733
3 0.671256 0.686960 0.077230 0.594080
3 0.747480 0.670747 0.074300 0.626507
3 0.574976 0.570187 0.045604 0.382453
3 0.540918 0.561907 0.051562 0.367333
3 0.641413 0.555720 0.036594 0.365040
3 0.687484 0.561267 0.066932 0.347013
3 0.846425 0.568453 0.029050 0.206613
3 0.410648 0.561160 0.035612 0.363440
3 0.424191 0.561760 0.024098 0.307840
3 0.456119 0.538600 0.031723 0.339920
3 0.493559 0.561973 0.025910 0.277973
3 0.496103 0.525827 0.030950 0.296507
3 0.385044 0.494480 0.025322 0.225920
3 0.448438 0.495107 0.029034 0.207440
3 0.477754 0.492280 0.020209 0.223813
3 0.514666 0.483773 0.022101 0.213040
1 0.107665 0.492000 0.215330 0.984000