0 0.183370 0.747613 0.366739 0.499440
0 0.970684 0.799867 0.057021 0.394933
0 0.836832 0.736613 0.324726 0.521440
0 0.990314 0.479107 0.017762 0.243973
1 0.934251 0.513827 0.129887 0.323387
1 0.856337 0.495573 0.203414 0.306933
0 0.341800 0.597253 0.101667 0.233280
0 0.387919 0.559347 0.077496 0.166373
0 0.779324 0.497227 0.084203 0.151200
0 0.716582 0.500933 0.077609 0.125707
0 0.685866 0.493640 0.066256 0.114853
0 0.672725 0.498720 0.067866 0.101920
0 0.570515 0.532427 0.049452 0.127413
0 0.435934 0.516480 0.044686 0.106400
1 0.449585 0.496840 0.038671 0.112133
0 0.610495 0.473173 0.051586 0.075787
2 0.523539 0.447307 0.037947 0.129973