0 0.931892 0.780387 0.134605 0.433893
0 0.786554 0.742507 0.253688 0.509653
1 0.016518 0.543760 0.033035 0.509173
0 0.033092 0.582373 0.066184 0.168480
0 0.706268 0.567667 0.107947 0.327173
1 0.482488 0.494760 0.036844 0.129360
1 0.743901 0.453733 0.164098 0.204213
0 0.352766 0.519520 0.048446 0.098027
0 0.294787 0.502320 0.058414 0.134400
0 0.425105 0.486773 0.027826 0.076107
0 0.597206 0.492480 0.050596 0.095413
1 0.530278 0.441373 0.026014 0.092347
0 0.635350 0.492587 0.052955 0.101653
2 0.497633 0.428173 0.025588 0.128720
7 0.243953 0.544627 0.089775 0.069627
0 0.192210 0.523947 0.073196 0.101227
0 0.109811 0.529720 0.066127 0.090907
7 0.145306 0.527533 0.056023 0.086693
7 0.109469 0.491187 0.036602 0.094267