3 0.522327 0.463533 0.019324 0.152453
3 0.213853 0.531387 0.034887 0.319573
3 0.493237 0.464893 0.024686 0.187547
3 0.800878 0.645133 0.288583 0.677733
3 0.696816 0.719947 0.172681 0.528107
3 0.725274 0.660987 0.161498 0.646027
3 0.799203 0.744907 0.146844 0.478187
3 0.837045 0.686707 0.166715 0.594587
3 0.919481 0.707960 0.130443 0.552080
3 0.433088 0.710387 0.074340 0.547227
3 0.482271 0.603200 0.049646 0.444320
3 0.577794 0.612813 0.045894 0.404347
3 0.618704 0.586520 0.047504 0.432507
3 0.678869 0.564147 0.068977 0.405733
1 0.107564 0.492000 0.215129 0.984000