3 0.819618 0.657653 0.095966 0.674027
3 0.863410 0.592933 0.069960 0.616213
4 0.091763 0.846133 0.154300 0.297067
4 0.297488 0.703293 0.078615 0.288347
4 0.150511 0.835093 0.146417 0.319147
3 0.420962 0.559920 0.024919 0.258240
3 0.397597 0.560640 0.029122 0.245600
3 0.485700 0.525293 0.022576 0.195547
3 0.500177 0.496760 0.014122 0.143387
3 0.526655 0.524813 0.019525 0.188827
3 0.582146 0.496707 0.015209 0.163600
0 0.456494 0.480560 0.025612 0.065920
3 0.392637 0.529067 0.015193 0.189547
3 0.553510 0.517427 0.014461 0.167120