0 0.839493 0.744253 0.319404 0.506160
0 0.015411 0.591560 0.030821 0.173573
0 0.729952 0.580080 0.123430 0.369120
1 0.477206 0.496920 0.038245 0.135013
1 0.749501 0.452320 0.171337 0.213333
0 0.342403 0.524627 0.051393 0.102480
0 0.281461 0.506933 0.062407 0.140533
0 0.418551 0.489627 0.029002 0.078827
0 0.596751 0.496000 0.052923 0.099147
1 0.526719 0.443893 0.026643 0.094347
0 0.635705 0.495947 0.055258 0.105440
1 0.939614 0.431240 0.119163 0.166427
2 0.492931 0.429720 0.026763 0.131600
7 0.227886 0.551747 0.096272 0.074213
0 0.173849 0.532173 0.078744 0.106213
0 0.086606 0.538640 0.071522 0.096213
7 0.125556 0.534880 0.059968 0.091200
7 0.092460 0.496867 0.038639 0.097573