0 0.914694 0.674680 0.169002 0.645307
1 0.415572 0.527053 0.052061 0.188507
1 0.789541 0.474387 0.232480 0.298533
0 0.227154 0.569947 0.087899 0.150347
0 0.138643 0.550000 0.109847 0.204267
0 0.345109 0.514320 0.041248 0.103147
0 0.575064 0.518000 0.071562 0.132427
0 0.448905 0.484947 0.029082 0.085520
1 0.482267 0.454067 0.029734 0.109147
0 0.625141 0.509747 0.074501 0.138587
1 0.954473 0.450267 0.089444 0.199840
2 0.443430 0.439893 0.031272 0.154560
7 0.067919 0.609813 0.135837 0.121387
0 0.024819 0.581613 0.049638 0.144453