3 0.525874 0.464213 0.015837 0.152000
3 0.211852 0.530893 0.026570 0.320827
3 0.895411 0.666720 0.178583 0.634560
3 0.564275 0.465573 0.031127 0.193280
3 0.583205 0.662400 0.143172 0.643200
3 0.587222 0.713867 0.112528 0.540267
3 0.610000 0.675653 0.053140 0.616693
3 0.669481 0.731773 0.068704 0.504453
3 0.689887 0.688093 0.049919 0.591813
3 0.779082 0.705853 0.071932 0.556293
3 0.298539 0.712533 0.078366 0.542933
3 0.457713 0.571133 0.045620 0.365627
3 0.541771 0.569867 0.037842 0.337440
3 0.569046 0.552013 0.067093 0.363707
3 0.625097 0.537920 0.058615 0.340747
1 0.107585 0.492000 0.215169 0.984000