0 0.464799 0.532907 0.039936 0.102880
0 0.180000 0.777013 0.360000 0.440640
0 0.343313 0.654653 0.143035 0.330480
0 0.260165 0.581160 0.140910 0.211440
7 0.417138 0.532933 0.019283 0.079253
0 0.337605 0.539813 0.089058 0.107680
0 0.359577 0.527093 0.069026 0.104160
0 0.386095 0.519107 0.061852 0.076827
1 0.408744 0.492533 0.049952 0.079040
2 0.778651 0.498667 0.368221 0.997333
0 0.556405 0.554453 0.058929 0.152053
0 0.529243 0.526267 0.039452 0.097813
2 0.515813 0.452813 0.046006 0.188293
0 0.144638 0.543800 0.091739 0.116187
0 0.464412 0.511787 0.027762 0.080800