0 0.239722 0.746200 0.319493 0.502267
0 0.885290 0.776120 0.227810 0.442427
0 0.800644 0.732920 0.307327 0.528827
0 0.976795 0.486933 0.044799 0.233867
1 0.922923 0.505133 0.152544 0.305947
1 0.829791 0.495987 0.176039 0.272613
0 0.367713 0.581013 0.092721 0.204800
0 0.406296 0.552307 0.071288 0.151973
0 0.772560 0.498173 0.080821 0.142107
0 0.714807 0.498027 0.074219 0.118187
0 0.684557 0.490787 0.063414 0.108560
0 0.576860 0.522133 0.046989 0.119733
0 0.448909 0.510387 0.041892 0.100560
1 0.461232 0.486533 0.036699 0.106720
0 0.616031 0.469987 0.049936 0.073307
2 0.533180 0.447413 0.036940 0.126720