0 0.476079 0.533547 0.039195 0.105387
0 0.136421 0.661853 0.179332 0.313840
0 0.337677 0.682387 0.145580 0.327493
0 0.394082 0.603293 0.087520 0.217200
0 0.311337 0.547493 0.113156 0.160853
1 0.416578 0.488867 0.045797 0.071867
2 0.701087 0.468947 0.274283 0.848720
3 0.905467 0.713827 0.103060 0.567013
0 0.544231 0.545720 0.046272 0.122427
0 0.524932 0.524707 0.032440 0.084187
2 0.514396 0.465213 0.040805 0.167120
0 0.196997 0.523560 0.070113 0.097200
0 0.468253 0.515707 0.026989 0.081600
0 0.015705 0.564347 0.031409 0.163787