0 0.691075 0.695187 0.176127 0.371973
0 0.085910 0.736307 0.171820 0.484347
1 0.119235 0.650120 0.238470 0.403867
0 0.220652 0.593080 0.169919 0.246480
0 0.717279 0.596040 0.160853 0.168773
0 0.683221 0.559013 0.118760 0.172373
0 0.625229 0.522053 0.104130 0.133120
7 0.329364 0.558720 0.066908 0.106987
0 0.316014 0.499320 0.115668 0.195867
1 0.530052 0.482733 0.039300 0.133893
0 0.366924 0.508280 0.082786 0.091120
0 0.390173 0.500960 0.070604 0.096747
1 0.514638 0.467587 0.025266 0.097787
1 0.431385 0.467000 0.046296 0.075280