3 0.271014 0.480080 0.012882 0.109600
3 0.353281 0.478213 0.006707 0.081173
3 0.267311 0.460520 0.008052 0.086960
0 0.817279 0.546653 0.087198 0.128507
0 0.881417 0.550013 0.097407 0.123067
0 0.934231 0.551720 0.100942 0.124613
3 0.289332 0.458373 0.009936 0.092960
3 0.289501 0.551747 0.025233 0.214747
3 0.368921 0.542987 0.027649 0.241013
5 0.483454 0.531627 0.034573 0.212533
0 0.498933 0.495453 0.029058 0.075227
3 0.244714 0.470880 0.012343 0.110667
3 0.182331 0.467213 0.008591 0.117040
3 0.783663 0.508653 0.009936 0.097627