1 0.071655 0.643693 0.143309 0.707280
0 0.881574 0.756947 0.235242 0.480773
0 0.741111 0.709800 0.193478 0.442907
1 0.043796 0.540000 0.087593 0.511947
0 0.691051 0.545613 0.103164 0.293733
1 0.487375 0.492787 0.035507 0.124133
1 0.738760 0.444053 0.157198 0.195467
0 0.362323 0.514840 0.045837 0.093947
0 0.307069 0.498107 0.054895 0.128800
0 0.598213 0.492307 0.048470 0.091813
1 0.533885 0.440640 0.025290 0.090453
0 0.635085 0.484667 0.050604 0.097973
2 0.502202 0.428253 0.024356 0.125840
7 0.258011 0.538293 0.084509 0.065813
0 0.209018 0.516480 0.068341 0.096693
0 0.131014 0.521347 0.061417 0.086587