3 0.546944 0.464520 0.016643 0.152133
3 0.241586 0.530387 0.029791 0.324827
3 0.595974 0.586027 0.046699 0.429067
3 0.591530 0.544293 0.044010 0.369280
3 0.541554 0.587800 0.044283 0.419547
3 0.531437 0.598947 0.046159 0.435920
3 0.446445 0.482720 0.026304 0.208373
3 0.468929 0.475467 0.023881 0.218827
3 0.439187 0.475107 0.022544 0.191920
3 0.410878 0.486053 0.018519 0.202187
3 0.346804 0.477800 0.021739 0.202267
3 0.371421 0.479760 0.016643 0.177280
3 0.390511 0.469000 0.019589 0.198907
1 0.107778 0.492000 0.215556 0.984000