1 0.551824 0.561920 0.077818 0.281067
0 0.301481 0.607373 0.124573 0.205733
0 0.203249 0.578893 0.149380 0.260987
0 0.465399 0.529453 0.054807 0.132027
0 0.800994 0.573173 0.136417 0.212587
0 0.598229 0.490680 0.035427 0.106107
1 0.639867 0.456627 0.042343 0.132293
0 0.885390 0.547280 0.154050 0.227680
0 0.953414 0.565947 0.091562 0.191680
2 0.591824 0.434293 0.040942 0.186560
7 0.108973 0.647747 0.217947 0.160507
0 0.065382 0.611613 0.130765 0.196347
7 0.012138 0.613800 0.024275 0.142747
7 0.043370 0.546467 0.059380 0.130960