0 0.502162 0.550907 0.060346 0.162507
0 0.098990 0.554093 0.146659 0.201840
5 0.931131 0.664520 0.136127 0.445893
1 0.618833 0.514893 0.095282 0.291120
3 0.305503 0.596840 0.033277 0.377093
1 0.227395 0.501493 0.080572 0.143893
0 0.339658 0.532600 0.109461 0.182427
0 0.357258 0.526307 0.101071 0.136080
0 0.380097 0.519093 0.094332 0.117120
0 0.412037 0.497627 0.061900 0.095200
0 0.435878 0.475547 0.047279 0.061440
0 0.571465 0.509640 0.047118 0.104827
0 0.555930 0.483347 0.038124 0.099707
0 0.486502 0.502307 0.033696 0.101840
0 0.260535 0.484293 0.056948 0.081493