3 0.608362 0.645160 0.048043 0.444827
3 0.679968 0.618947 0.049919 0.443493
3 0.212774 0.597920 0.040523 0.314507
3 0.516490 0.540213 0.018519 0.202827
3 0.642850 0.565627 0.037842 0.304160
3 0.927085 0.626013 0.099034 0.513307
3 0.908740 0.577453 0.048575 0.399813
3 0.306989 0.585307 0.032738 0.275467
7 0.285346 0.654147 0.049469 0.187813
3 0.281256 0.584520 0.025233 0.285200
3 0.902528 0.560360 0.090515 0.389947
0 0.438849 0.486200 0.034219 0.114373
0 0.353567 0.505267 0.074879 0.202747
1 0.382504 0.495133 0.047198 0.152453