0 0.494344 0.562733 0.042585 0.118000
0 0.121019 0.759893 0.242037 0.474880
0 0.226864 0.682480 0.183116 0.356480
0 0.326345 0.588653 0.116071 0.176613
1 0.367826 0.511000 0.123977 0.240933
3 0.744799 0.670373 0.054750 0.383467
1 0.529928 0.501547 0.028229 0.088373
0 0.492025 0.532760 0.027367 0.083707
1 0.404658 0.530200 0.085225 0.124347
0 0.038357 0.570867 0.076715 0.191547
0 0.113353 0.569480 0.097705 0.123173
0 0.193176 0.595800 0.129589 0.200133
0 0.272407 0.558000 0.072931 0.139413
3 0.154380 0.534747 0.017713 0.138773
3 0.213390 0.530147 0.007246 0.088507
2 0.300032 0.491067 0.064267 0.140693