3 0.851051 0.672267 0.072729 0.599947
3 0.872307 0.675053 0.057593 0.575493
3 0.533386 0.458413 0.015837 0.162320
3 0.243209 0.529853 0.031264 0.323227
3 0.426936 0.516133 0.024259 0.208800
3 0.456852 0.508280 0.024734 0.222853
3 0.693812 0.557173 0.044807 0.326507
3 0.396542 0.481213 0.021924 0.208187
3 0.391465 0.471107 0.018969 0.190107
3 0.360882 0.473160 0.024179 0.197893
3 0.358116 0.473000 0.022738 0.203707
3 0.487750 0.445293 0.011409 0.143973
3 0.527657 0.459387 0.015829 0.141227
1 0.107903 0.492000 0.215805 0.984000