3 0.917758 0.652187 0.162874 0.690293
5 0.292649 0.561773 0.048019 0.258693
5 0.314714 0.546387 0.040411 0.209040
1 0.425141 0.489400 0.070765 0.178053
4 0.060165 0.604253 0.053084 0.189093
4 0.095515 0.590973 0.058535 0.175547
3 0.093277 0.580520 0.026167 0.236080
3 0.925765 0.672400 0.134187 0.649867
3 0.781578 0.750320 0.055395 0.373493
3 0.815914 0.743787 0.048881 0.369547
4 0.218603 0.561827 0.033953 0.133947
5 0.508820 0.518800 0.034388 0.125707
3 0.746272 0.519173 0.018309 0.155147
0 0.360233 0.507013 0.060338 0.068693