3 0.560849 0.471507 0.014098 0.153413
3 0.235982 0.524360 0.030773 0.320187
3 0.764646 0.683227 0.080306 0.601547
3 0.746973 0.622907 0.064541 0.516267
3 0.677174 0.664920 0.113172 0.595067
3 0.696791 0.680947 0.077705 0.606107
3 0.471622 0.504787 0.031779 0.254587
3 0.501337 0.489747 0.032142 0.263813
3 0.466316 0.486413 0.026707 0.221360
3 0.439440 0.493333 0.029155 0.228107
3 0.492218 0.479493 0.027882 0.185013
3 0.366473 0.492973 0.020483 0.231973
3 0.387013 0.492267 0.017633 0.197280
3 0.403164 0.476720 0.020725 0.220533
3 0.427250 0.498573 0.017367 0.183227
1 0.107750 0.492000 0.215499 0.984000