0 0.130918 0.754933 0.261836 0.484800
0 0.906981 0.751413 0.184428 0.491840
1 0.973829 0.493853 0.050733 0.351120
1 0.900978 0.524080 0.196433 0.409813
0 0.275499 0.665840 0.153253 0.326453
0 0.349706 0.594440 0.098994 0.207760
0 0.811469 0.511093 0.095064 0.177013
0 0.730326 0.521587 0.086111 0.144613
0 0.695201 0.511107 0.073333 0.130160
0 0.680648 0.515773 0.074452 0.114640
0 0.662862 0.502600 0.072279 0.107813
0 0.566345 0.550987 0.056795 0.147093
0 0.414191 0.539307 0.051055 0.119947
1 0.430076 0.508320 0.043341 0.124373
0 0.602846 0.491640 0.055338 0.081253
2 0.512609 0.459440 0.039726 0.137387