0 0.495173 0.551093 0.042971 0.117387
0 0.269255 0.622693 0.168027 0.267360
0 0.316401 0.586000 0.127005 0.214400
0 0.362991 0.551133 0.090620 0.132240
1 0.393700 0.493813 0.101167 0.187040
3 0.653784 0.587840 0.035427 0.240853
0 0.919610 0.626600 0.159171 0.322907
1 0.526659 0.494013 0.024831 0.080507
0 0.491594 0.516027 0.026779 0.080907
1 0.416486 0.510053 0.073599 0.105387
0 0.104956 0.531107 0.120105 0.156293
0 0.184767 0.527827 0.071031 0.095067
3 0.209944 0.501867 0.013688 0.114613
3 0.249960 0.501453 0.009130 0.077040
2 0.319690 0.484827 0.054823 0.125493