0 0.457174 0.540773 0.038551 0.101547
0 0.150024 0.780853 0.300048 0.432960
0 0.088965 0.730893 0.177931 0.468347
7 0.330829 0.647027 0.069646 0.193733
7 0.399171 0.561693 0.027923 0.108400
0 0.279891 0.579373 0.122053 0.157360
0 0.321779 0.556360 0.090258 0.144880
0 0.361184 0.539693 0.077246 0.099973
0 0.382991 0.535760 0.057448 0.086933
1 0.394541 0.507093 0.059356 0.095573
0 0.606522 0.632587 0.112206 0.270080
0 0.575209 0.590640 0.064010 0.174240
0 0.546481 0.559640 0.057150 0.138907
2 0.524461 0.461147 0.056312 0.241813
0 0.184404 0.550867 0.072432 0.105520
0 0.467130 0.522747 0.028800 0.082133