1 0.581775 0.563280 0.080910 0.291360
0 0.326812 0.607520 0.126908 0.208853
0 0.229907 0.576973 0.149525 0.262107
0 0.491477 0.533187 0.053132 0.134427
0 0.845664 0.566667 0.151103 0.225760
0 0.627802 0.491627 0.037166 0.108480
1 0.668812 0.457067 0.043728 0.135307
0 0.925604 0.553000 0.147182 0.242107
0 0.979151 0.560507 0.040089 0.176853
2 0.617496 0.434240 0.043172 0.189760
7 0.134062 0.644507 0.221119 0.158987
0 0.079702 0.612147 0.159404 0.194320
0 0.018494 0.603080 0.036989 0.140347
7 0.029175 0.615227 0.058349 0.153653
7 0.080109 0.543333 0.056594 0.128053