0 0.569698 0.555200 0.070153 0.183627
0 0.242560 0.587947 0.160709 0.202827
0 0.276111 0.577413 0.167214 0.179200
0 0.306518 0.571987 0.126369 0.152027
0 0.352415 0.529600 0.105765 0.144907
0 0.340539 0.545027 0.086522 0.134213
0 0.540427 0.534787 0.037037 0.100773
3 0.031421 0.558813 0.025499 0.234853
7 0.184106 0.718187 0.137552 0.255253
7 0.085564 0.788467 0.150193 0.417733
7 0.226171 0.651667 0.117077 0.237040
7 0.260121 0.640560 0.091256 0.203253
7 0.037979 0.754707 0.075958 0.429893
7 0.799308 0.813173 0.255958 0.368320