3 0.994223 0.643827 0.009944 0.707013
5 0.260052 0.578333 0.058784 0.297040
5 0.288096 0.555667 0.048253 0.234373
1 0.418237 0.489373 0.075250 0.187280
4 0.020342 0.615173 0.040684 0.209973
4 0.051574 0.603893 0.065741 0.194453
3 0.046256 0.583533 0.029742 0.261413
3 0.868434 0.792000 0.093068 0.410667
3 0.916429 0.792933 0.097110 0.408800
4 0.195165 0.564987 0.037158 0.143893
5 0.512581 0.519680 0.033889 0.129600
3 0.759561 0.523307 0.018607 0.165120
4 0.662649 0.523307 0.032496 0.108000
4 0.656357 0.522853 0.033454 0.096427
0 0.352830 0.504907 0.062520 0.071093