0 0.476429 0.515267 0.018736 0.049947
0 0.111296 0.753667 0.222593 0.492667
1 0.039006 0.620413 0.078011 0.346640
0 0.597210 0.626160 0.120910 0.281120
0 0.287717 0.605093 0.098172 0.193760
1 0.194235 0.557440 0.118969 0.207520
0 0.342218 0.568640 0.060684 0.133973
0 0.452311 0.538253 0.036506 0.110747
0 0.284058 0.544533 0.057713 0.104587
0 0.385342 0.527093 0.026562 0.069440
1 0.313845 0.515267 0.043502 0.103493
0 0.393639 0.515507 0.021948 0.056347
1 0.405209 0.494827 0.017649 0.076853
7 0.440556 0.491493 0.024541 0.096373