0 0.463366 0.536920 0.037874 0.102533
0 0.162617 0.790067 0.325233 0.414533
0 0.315081 0.714960 0.179936 0.413333
0 0.237536 0.596680 0.153929 0.236080
7 0.377383 0.591053 0.042689 0.124293
7 0.413555 0.537053 0.020539 0.083653
0 0.328627 0.545253 0.094549 0.114667
0 0.354255 0.530840 0.072601 0.110373
0 0.382001 0.522160 0.064420 0.080533
0 0.397951 0.517813 0.048333 0.071573
1 0.406043 0.497920 0.051538 0.081813
2 0.782085 0.498667 0.339163 0.997333
0 0.561884 0.563800 0.064799 0.165733
0 0.531341 0.531173 0.041506 0.103680
2 0.516940 0.460240 0.047697 0.196693
0 0.123998 0.553973 0.101554 0.124853
0 0.464010 0.516080 0.027810 0.081067