0 0.467758 0.524520 0.038317 0.103227
0 0.055793 0.732960 0.111586 0.445387
0 0.258209 0.768480 0.248897 0.457707
0 0.365012 0.630427 0.118333 0.280907
0 0.279022 0.568520 0.129879 0.191440
7 0.420366 0.520960 0.018172 0.074773
0 0.345447 0.525573 0.085177 0.100907
0 0.389823 0.506947 0.059485 0.073093
1 0.411409 0.485680 0.048470 0.076480
2 0.772182 0.498667 0.382287 0.997333
0 0.551715 0.538347 0.054010 0.140427
0 0.527500 0.513027 0.036723 0.092667
2 0.514783 0.446760 0.044444 0.180613
0 0.163172 0.533307 0.083027 0.108693
0 0.464066 0.504493 0.027311 0.081040